# N=20 jobs, m=5 maquinas, duracoes 1-99, semente 2046
20 5
0 53 1 39 2 26 3 99 4 16
0 42 2 94 4 2 1 39 3 23
4 41 1 67 2 1 3 49 0 9
4 70 2 76 3 15 0 59 1 29
2 54 1 62 3 69 4 13 0 86
1 61 0 82 2 82 4 62 3 77
0 74 3 35 2 13 4 42 1 73
4 26 3 62 1 80 2 48 0 37
4 27 1 29 2 11 0 52 3 78
3 19 2 53 1 4 0 3 4 84
3 28 0 52 2 9 4 84 1 54
4 8 2 45 0 81 1 72 3 46
2 19 3 91 1 43 0 36 4 18
1 11 3 84 2 63 4 58 0 83
1 4 4 39 2 27 3 8 0 43
4 2 1 39 0 46 2 21 3 67
2 89 3 91 4 18 1 28 0 62
0 1 3 89 1 16 4 59 2 88
1 47 2 49 0 63 3 80 4 23
4 14 0 52 1 7 3 85 2 39
